<?xml version="1.0"?>
<opencv_storage>
<tf_idf_weights type_id="opencv-matrix">
  <rows>1</rows>
  <cols>729</cols>
  <dt>f</dt>
  <data>
    1.28291607e+00 9.17191267e-01 1.02155125e+00 8.99333656e-01
    9.60926592e-01 1.17528534e+00 9.68010485e-01 1.70474803e+00
    6.83294833e-01 9.65643585e-01 1.21392310e+00 8.68830204e-01
    9.89568174e-01 1.14654779e+00 1.26681256e+00 1.22919059e+00
    1.48756289e+00 1.33626199e+00 1.46005619e+00 1.27001262e+00
    1.50362754e+00 1.47962630e+00 1.45233417e+00 1.02907944e+00
    1.61938822e+00 1.68513954e+00 1.81451881e+00 1.79808009e+00
    1.38539469e+00 1.22000217e+00 1.26044321e+00 8.28866899e-01
    9.75144863e-01 1.08342659e+00 9.21705902e-01 8.73131216e-01
    1.48358667e+00 1.18407011e+00 8.56036842e-01 1.19293284e+00
    1.20788085e+00 1.21695805e+00 9.75144863e-01 9.72761095e-01
    1.35702395e+00 8.99333656e-01 1.07547963e+00 8.86146545e-01
    1.65642953e+00 1.27644348e+00 1.12691176e+00 1.40354407e+00
    1.56627846e+00 9.21705902e-01 1.18113327e+00 1.40721381e+00
    1.15508258e+00 1.15794384e+00 1.29598808e+00 1.15794384e+00
    1.52821887e+00 1.22305560e+00 1.28616798e+00 1.27644348e+00
    9.65643585e-01 1.52821887e+00 1.83686614e+00 1.15794384e+00
    1.22611845e+00 1.01656377e+00 9.53892589e-01 1.06759512e+00
    1.19590461e+00 1.18407011e+00 1.60136974e+00 1.42951941e+00
    1.34313488e+00 1.39988768e+00 1.26681256e+00 1.02405441e+00
    9.68010485e-01 8.88332427e-01 1.34658909e+00 7.70792484e-01
    6.95851147e-01 8.30930889e-01 1.33626199e+00 1.50768423e+00
    1.83686614e+00 1.02907944e+00 1.42576718e+00 1.17528534e+00
    1.07812154e+00 7.86479175e-01 1.12413788e+00 9.05992925e-01
    6.56908095e-01 1.06498075e+00 1.28943074e+00 1.83686614e+00
    1.24157465e+00 1.41459382e+00 8.97123694e-01 1.63311851e+00
    1.07021642e+00 1.35702395e+00 8.73131216e-01 1.44086182e+00
    9.58576441e-01 1.96315980e+00 1.29598808e+00 9.26241100e-01
    6.92247510e-01 1.16657698e+00 1.43706667e+00 1.76599169e+00
    1.26362276e+00 1.36404157e+00 9.12696838e-01 1.46783829e+00
    1.06759512e+00 1.04175401e+00 1.49958706e+00 1.20187485e+00
    9.99300599e-01 1.43328595e+00 1.00174856e+00 1.90707028e+00
    1.07547963e+00 1.14654779e+00 9.75144863e-01 1.60136974e+00
    8.66686523e-01 1.42576718e+00 1.02907944e+00 9.94422555e-01
    1.12969339e+00 1.00912869e+00 1.45233417e+00 1.53655231e+00
    2.08576226e+00 1.18407011e+00 1.21695805e+00 1.44086182e+00
    1.45618773e+00 1.75552046e+00 1.69000578e+00 6.79736137e-01
    1.27644348e+00 1.00174856e+00 1.09143734e+00 1.15794384e+00
    1.51995432e+00 1.68029702e+00 1.09681368e+00 8.45499277e-01
    1.16657698e+00 1.46393967e+00 1.63773739e+00 1.08077061e+00
    9.65643585e-01 1.40354407e+00 9.70382988e-01 9.42278087e-01
    1.03666496e+00 1.13528001e+00 6.72656476e-01 1.08077061e+00
    9.05992925e-01 8.60283136e-01 1.52407801e+00 1.30923331e+00
    7.04917371e-01 1.65172362e+00 1.66590834e+00 1.61485302e+00
    1.93161142e+00 1.25727355e+00 2.59417510e+00 1.43328595e+00
    8.73131216e-01 1.19293284e+00 1.72981215e+00 9.42278087e-01
    9.42278087e-01 1.13248289e+00 1.84253180e+00 1.80352962e+00
    1.38539469e+00 1.31928360e+00 1.33626199e+00 1.28291607e+00
    1.48756289e+00 7.86479175e-01 2.12266660e+00 1.29598808e+00
    1.39624465e+00 1.21089745e+00 1.20487332e+00 1.55769467e+00
    1.06237328e+00 1.04686904e+00 1.18701565e+00 1.64703977e+00
    1.92541945e+00 1.16657698e+00 1.64703977e+00 2.82336116e+00
    1.61033845e+00 1.10493290e+00 1.08342659e+00 1.12691176e+00
    1.20187485e+00 8.86146545e-01 1.69000578e+00 2.05718875e+00
    1.35353363e+00 9.63282347e-01 1.04686904e+00 1.68513954e+00
    1.44849539e+00 1.42576718e+00 1.39261496e+00 1.51175749e+00
    1.47175217e+00 1.26362276e+00 1.45618773e+00 1.23536348e+00
    2.35905552e+00 1.21089745e+00 1.28943074e+00 1.14938462e+00
    1.27967453e+00 1.38539469e+00 1.22611845e+00 1.32943606e+00
    1.71971095e+00 7.76646197e-01 1.47175217e+00 8.37148488e-01
    8.49700928e-01 1.04430830e+00 1.65172362e+00 8.22700441e-01
    7.36372232e-01 1.78726912e+00 1.25727355e+00 1.49155486e+00
    1.11861289e+00 9.01548445e-01 7.88457394e-01 7.96409667e-01
    9.60926592e-01 1.39624465e+00 9.84737277e-01 9.49230552e-01
    1.17820501e+00 1.11586189e+00 9.37669754e-01 1.24469483e+00
    1.04943645e+00 2.21722531e+00 1.10493290e+00 1.17820501e+00
    1.00174856e+00 1.37822616e+00 1.13528001e+00 1.00666261e+00
    1.10765398e+00 1.58367014e+00 1.91926563e+00 1.61485302e+00
    1.51175749e+00 8.66686523e-01 9.26241100e-01 9.30796921e-01
    1.21392310e+00 9.51558888e-01 7.84504831e-01 1.44467127e+00
    1.40354407e+00 8.97123694e-01 1.93161142e+00 1.30590546e+00
    1.87721729e+00 1.18113327e+00 9.12696838e-01 1.03160155e+00
    1.36404157e+00 8.66686523e-01 1.20187485e+00 1.00912869e+00
    1.09951282e+00 1.38899827e+00 2.52437949e+00 1.47175217e+00
    9.21705902e-01 9.35373545e-01 7.74691164e-01 1.24782467e+00
    6.77961528e-01 1.45233417e+00 1.11861289e+00 8.43405068e-01
    2.22552395e+00 1.11586189e+00 1.24157465e+00 1.05717850e+00
    1.27322280e+00 9.94422555e-01 1.26362276e+00 1.29598808e+00
    1.53655231e+00 1.53237689e+00 1.33969247e+00 9.96858656e-01
    1.26681256e+00 1.42576718e+00 1.37822616e+00 1.66590834e+00
    1.22919059e+00 1.49556291e+00 1.68029702e+00 2.15320325e+00
    1.06498075e+00 1.48756289e+00 1.49958706e+00 9.05992925e-01
    1.23846424e+00 1.47568154e+00 1.46005619e+00 9.56231833e-01
    5.99556804e-01 1.31257224e+00 9.19446051e-01 1.11311841e+00
    1.20487332e+00 1.31928360e+00 2.00238061e+00 9.44590211e-01
    1.03413010e+00 1.54495561e+00 8.22700441e-01 1.34658909e+00
    1.28943074e+00 1.46005619e+00 1.20788085e+00 1.09412193e+00
    9.30796921e-01 1.72981215e+00 1.49958706e+00 1.77126873e+00
    1.27967453e+00 2.28562808e+00 1.66590834e+00 1.51995432e+00
    1.02907944e+00 1.36756885e+00 1.09951282e+00 1.50768423e+00
    7.21446633e-01 1.75552046e+00 9.72761095e-01 1.12691176e+00
    1.37822616e+00 1.65172362e+00 1.31592238e+00 1.01905441e+00
    8.49700928e-01 9.28516388e-01 1.12413788e+00 1.10221922e+00
    1.20788085e+00 1.79266000e+00 1.19888532e+00 1.09951282e+00
    7.76646197e-01 1.51584756e+00 1.64703977e+00 1.08608985e+00
    1.39624465e+00 1.94411159e+00 1.24782467e+00 1.21695805e+00
    2.00238061e+00 1.34313488e+00 1.55769467e+00 1.27001262e+00
    9.70382988e-01 1.11038244e+00 9.19446051e-01 2.25942564e+00
    9.58576441e-01 1.66590834e+00 1.87721729e+00 1.81451881e+00
    1.12137163e+00 1.74515760e+00 1.38539469e+00 1.16369104e+00
    1.13248289e+00 1.63773739e+00 1.90707028e+00 1.19888532e+00
    2.13781857e+00 1.04430830e+00 1.28291607e+00 1.06759512e+00
    7.90439487e-01 1.18407011e+00 1.02907944e+00 9.96858656e-01
    8.37148488e-01 1.14089799e+00 1.15508258e+00 1.10765398e+00
    1.12691176e+00 1.58806586e+00 1.57059801e+00 1.53237689e+00
    1.35005534e+00 1.13808501e+00 1.27644348e+00 1.46005619e+00
    9.91992414e-01 1.07021642e+00 8.32999170e-01 1.27322280e+00
    7.59186983e-01 1.19590461e+00 1.17237413e+00 1.56197739e+00
    1.56627846e+00 1.10765398e+00 1.62394404e+00 1.32943606e+00
    2.73634958e+00 1.11861289e+00 1.39988768e+00 1.03413010e+00
    1.53237689e+00 9.19446051e-01 1.63311851e+00 5.72069287e-01
    1.34658909e+00 1.03160155e+00 1.72474873e+00 1.15794384e+00
    1.08608985e+00 8.88332427e-01 1.57059801e+00 1.50362754e+00
    1.84822977e+00 1.14938462e+00 1.77657378e+00 1.64237773e+00
    1.14654779e+00 8.81789327e-01 2.09303498e+00 9.53892589e-01
    2.32166791e+00 1.26681256e+00 1.15794384e+00 1.45618773e+00
    1.04175401e+00 1.52821887e+00 1.51995432e+00 8.18610370e-01
    1.53655231e+00 1.19293284e+00 1.32943606e+00 9.99300599e-01
    1.61938822e+00 1.38539469e+00 6.44828618e-01 8.20653319e-01
    8.30930889e-01 1.54074514e+00 9.89568174e-01 9.01548445e-01
    7.80567765e-01 2.07137346e+00 9.37669754e-01 1.22919059e+00
    9.17191267e-01 1.31592238e+00 1.07547963e+00 2.54710770e+00
