<?xml version="1.0"?>
<opencv_storage>
<tf_idf_weights type_id="opencv-matrix">
  <rows>1</rows>
  <cols>729</cols>
  <dt>f</dt>
  <data>
    1.43706667e+00 2.04320240e+00 1.29928303e+00 6.55173481e-01
    1.58806586e+00 9.33082581e-01 1.51995432e+00 1.05717850e+00
    1.36404157e+00 1.35702395e+00 1.08608985e+00 9.96858656e-01
    9.77534413e-01 9.82330561e-01 1.28616798e+00 1.46783829e+00
    1.55769467e+00 1.10493290e+00 8.43405068e-01 1.15794384e+00
    9.44590211e-01 1.45233417e+00 9.08222497e-01 1.90707028e+00
    1.28943074e+00 1.52407801e+00 1.90102804e+00 1.68513954e+00
    1.61033845e+00 7.12229967e-01 1.55769467e+00 1.30923331e+00
    1.44849539e+00 1.12413788e+00 9.05992925e-01 1.65642953e+00
    1.13248289e+00 1.09951282e+00 2.16882873e+00 1.02405441e+00
    1.09681368e+00 1.31257224e+00 1.01160097e+00 1.38899827e+00
    1.23227227e+00 1.35005534e+00 8.08457971e-01 9.63282347e-01
    1.56197739e+00 1.18701565e+00 1.38180399e+00 1.05717850e+00
    1.39988768e+00 1.11586189e+00 7.72740006e-01 8.41315150e-01
    7.25157261e-01 9.49230552e-01 9.08222497e-01 2.12266660e+00
    1.02155125e+00 9.94422555e-01 1.16947138e+00 8.60283136e-01
    1.40721381e+00 1.59691548e+00 9.28516388e-01 1.38180399e+00
    1.25411403e+00 7.66909003e-01 8.58157754e-01 1.49958706e+00
    1.03413010e+00 1.19888532e+00 1.70474803e+00 1.00420260e+00
    1.24157465e+00 1.39988768e+00 1.44849539e+00 1.25096440e+00
    9.72761095e-01 8.43405068e-01 1.03920615e+00 9.84737277e-01
    1.29928303e+00 9.89568174e-01 1.28291607e+00 2.64356804e+00
    9.33082581e-01 1.52821887e+00 1.19590461e+00 1.11861289e+00
    1.26362276e+00 9.72761095e-01 1.46393967e+00 1.05201042e+00
    1.27967453e+00 1.13528001e+00 1.05459106e+00 1.70971096e+00
    1.52407801e+00 1.56627846e+00 1.29598808e+00 1.85972416e+00
    1.54918396e+00 1.18113327e+00 2.03628206e+00 1.21392310e+00
    1.08876002e+00 1.44467127e+00 1.78190720e+00 1.18996990e+00
    1.41459382e+00 5.16240776e-01 1.40354407e+00 1.70971096e+00
    1.46393967e+00 9.58576441e-01 1.18996990e+00 1.61485302e+00
    1.09681368e+00 1.31928360e+00 1.06237328e+00 1.01905441e+00
    1.91926563e+00 1.44086182e+00 1.39624465e+00 1.67547774e+00
    1.23846424e+00 1.57059801e+00 7.55348146e-01 8.94918621e-01
    1.37110877e+00 1.95676994e+00 1.04430830e+00 1.29928303e+00
    1.26044321e+00 7.14066565e-01 8.99333656e-01 1.05459106e+00
    1.77126873e+00 1.81451881e+00 8.92718315e-01 1.33626199e+00
    1.18996990e+00 8.53920400e-01 1.35005534e+00 1.70971096e+00
    1.59691548e+00 1.27644348e+00 9.99300599e-01 1.37466109e+00
    8.10480297e-01 7.34494388e-01 1.22919059e+00 1.57493651e+00
    1.14654779e+00 1.57059801e+00 1.38899827e+00 1.11586189e+00
    7.30749071e-01 1.48358667e+00 1.25096440e+00 8.99333656e-01
    8.68830204e-01 1.44467127e+00 1.48358667e+00 1.16081333e+00
    9.05992925e-01 1.36052656e+00 1.14654779e+00 1.09143734e+00
    1.29598808e+00 1.10221922e+00 9.46907640e-01 1.00420260e+00
    1.62852073e+00 9.33082581e-01 1.46783829e+00 9.14941490e-01
    1.40354407e+00 1.63773739e+00 1.18701565e+00 1.57493651e+00
    1.21089745e+00 1.48358667e+00 1.56627846e+00 1.49556291e+00
    1.12413788e+00 1.18113327e+00 7.74691164e-01 8.86146545e-01
    1.11038244e+00 1.62852073e+00 8.49700928e-01 6.62130058e-01
    1.51995432e+00 1.49958706e+00 1.33969247e+00 1.13808501e+00
    1.31928360e+00 1.96959066e+00 1.23536348e+00 1.09412193e+00
    1.84253180e+00 9.23970938e-01 1.42202890e+00 1.27967453e+00
    9.28516388e-01 1.75552046e+00 1.54074514e+00 1.34313488e+00
    1.39261496e+00 9.77534413e-01 1.13808501e+00 9.03768241e-01
    1.39261496e+00 9.99300599e-01 1.01160097e+00 1.48756289e+00
    7.72740006e-01 1.47962630e+00 1.07021642e+00 1.15794384e+00
    1.12413788e+00 2.31253552e+00 5.68884492e-01 1.13808501e+00
    1.12413788e+00 9.23970938e-01 2.49122715e+00 9.60926592e-01
    1.10221922e+00 1.50768423e+00 1.79808009e+00 1.04430830e+00
    8.39229643e-01 1.61485302e+00 1.52821887e+00 1.13528001e+00
    1.57059801e+00 1.14089799e+00 9.30796921e-01 1.11861289e+00
    9.19446051e-01 1.55769467e+00 1.44467127e+00 1.57059801e+00
    1.10221922e+00 1.54495561e+00 7.53434360e-01 1.59691548e+00
    8.18610370e-01 1.00174856e+00 5.62545359e-01 1.38180399e+00
    1.12969339e+00 7.94415653e-01 1.83686614e+00 1.20487332e+00
    9.26241100e-01 8.51808488e-01 1.11586189e+00 1.30923331e+00
    1.16369104e+00 1.37110877e+00 1.42202890e+00 1.10221922e+00
    1.47962630e+00 1.71469843e+00 1.56627846e+00 9.70382988e-01
    2.16098547e+00 1.61033845e+00 8.45499277e-01 8.22700441e-01
    7.86479175e-01 8.51808488e-01 1.46393967e+00 6.79736137e-01
    1.89502203e+00 7.28881657e-01 1.00666261e+00 1.05459106e+00
    1.09951282e+00 1.73490119e+00 1.54074514e+00 1.69000578e+00
    1.07547963e+00 9.14941490e-01 1.69980979e+00 1.16947138e+00
    1.51175749e+00 1.82563007e+00 3.08119011e+00 8.45499277e-01
    1.45618773e+00 1.57929373e+00 9.10457194e-01 1.14371896e+00
    1.33284318e+00 1.12969339e+00 2.01580358e+00 1.52407801e+00
    8.94918621e-01 1.09681368e+00 1.25727355e+00 9.49230552e-01
    1.51175749e+00 1.24782467e+00 1.52821887e+00 1.36404157e+00
    1.48358667e+00 1.41089690e+00 1.71469843e+00 1.20788085e+00
    8.68830204e-01 1.19590461e+00 1.25096440e+00 1.17237413e+00
    1.38539469e+00 9.56231833e-01 1.66590834e+00 1.44467127e+00
    1.19888532e+00 1.15508258e+00 1.09951282e+00 8.04425716e-01
    1.18407011e+00 1.08608985e+00 9.91992414e-01 6.56908095e-01
    1.11038244e+00 1.46393967e+00 1.14938462e+00 8.41315150e-01
    1.93784201e+00 1.75552046e+00 1.27967453e+00 1.23227227e+00
    1.57493651e+00 1.70971096e+00 1.61033845e+00 2.10036087e+00
    1.11861289e+00 1.35353363e+00 1.23536348e+00 9.96858656e-01
    1.16947138e+00 1.98913527e+00 9.26241100e-01 1.24157465e+00
    8.97123694e-01 1.22919059e+00 1.01160097e+00 1.75032568e+00
    1.78726912e+00 1.69489574e+00 1.18996990e+00 1.01160097e+00
    1.30258882e+00 1.42202890e+00 1.41089690e+00 1.05717850e+00
    9.10457194e-01 2.53567886e+00 2.03628206e+00 1.89502203e+00
    1.67068160e+00 1.02907944e+00 1.10221922e+00 2.00238061e+00
    2.32166791e+00 9.58576441e-01 1.14089799e+00 1.98257792e+00
    1.89502203e+00 1.23536348e+00 1.47568154e+00 1.03920615e+00
    8.16571653e-01 1.19293284e+00 1.69980979e+00 1.37822616e+00
    1.99573600e+00 9.17191267e-01 1.49155486e+00 1.13808501e+00
    1.08608985e+00 1.16369104e+00 8.86146545e-01 9.46907640e-01
    1.68029702e+00 9.49230552e-01 1.06498075e+00 1.63311851e+00
    1.71971095e+00 1.09951282e+00 1.28291607e+00 1.17237413e+00
    1.67547774e+00 1.03666496e+00 1.16947138e+00 8.47597957e-01
    1.19590461e+00 1.00912869e+00 1.08342659e+00 1.28616798e+00
    8.00409675e-01 1.16657698e+00 7.72740006e-01 9.42278087e-01
    1.25727355e+00 1.19590461e+00 9.35373545e-01 1.03666496e+00
    1.51995432e+00 8.10480297e-01 1.45233417e+00 7.63040483e-01
    1.16657698e+00 1.73490119e+00 1.66590834e+00 1.54918396e+00
    7.90439487e-01 1.16369104e+00 1.61938822e+00 1.40721381e+00
    1.32604039e+00 1.26681256e+00 1.57059801e+00 1.47962630e+00
    1.48358667e+00 1.68029702e+00 1.23227227e+00 7.90439487e-01
    2.61856651e+00 1.26362276e+00 1.76599169e+00 6.70894384e-01
    1.04430830e+00 8.60283136e-01 1.62394404e+00 2.66921043e+00
    1.54918396e+00 1.44086182e+00 2.06425595e+00 1.54074514e+00
    1.14938462e+00 1.73490119e+00 1.81451881e+00 1.36404157e+00
    8.99333656e-01 1.71469843e+00 1.22000217e+00 1.40354407e+00
    1.99573600e+00 1.66115761e+00 1.15222955e+00 2.06425595e+00
    1.14089799e+00 2.51320601e+00 1.99573600e+00 1.04430830e+00
    1.27967453e+00 8.70978415e-01 1.44086182e+00 1.31928360e+00
    1.79266000e+00 1.05717850e+00 1.05717850e+00 1.28943074e+00
    8.60283136e-01 1.49155486e+00 1.39988768e+00 1.92541945e+00
    1.03413010e+00 1.32604039e+00 1.98913527e+00 1.24782467e+00
    7.38253772e-01 1.48358667e+00 1.65642953e+00 8.99333656e-01
    1.42576718e+00 1.27967453e+00 1.55769467e+00 1.90102804e+00
